22
1.841183781340659	0   1 	0.12380092220691823
3.831705970207512	1 	1 	0.7719264596661861
5.331442773525032	0   1 	1.204769483364771
7.0155866698156	    1 	1 	1.7615747448592556
8.536316366346236	0   1 	2.221898143095331
10.173468135062722	1 	1 	2.757902438474495
11.706004902592063	0   1 	3.2295502112207166
13.323691936314223	1 	1 	3.7560092324445318
14.863588633909032	0   1 	4.233910445457352
16.470630050877634	1 	1 	4.754851073588457
18.015527862681804	0   1 	5.236732571773373
19.615858510468243	1 	1 	5.754068468389613
21.164369859188792	0   1 	6.238710159996929
22.760084380592772	1 	1 	6.753503865478191
24.311326857210776	0   1 	7.240173618397178
25.903672087618382	1 	1 	7.753077157679996
27.457050571059245	0   1 	8.241300657780913
29.046828534916855	1 	1 	8.752743253454327
30.601922972669094	0   1 	9.24219545774576
32.189679910974405	1 	1 	9.75247481061807
35.33230755008387	1 	1 	10.752254277712138
38.474766234771614	1 	1 	11.752069868287633